{
  {
    c = 8192,
    x2 = -50,
    z1 = 50,
    y1 = -0.616742,
    x1 = 50,
    z3 = 50,
    y3 = -0.616742,
    x3 = -50,
    z2 = -50,
    y2 = -0.616742,
  },
  {
    c = 8192,
    x2 = 50,
    z1 = 50,
    y1 = -0.616742,
    x1 = 50,
    z3 = -50,
    y3 = -0.616742,
    x3 = -50,
    z2 = -50,
    y2 = -0.616742,
  },
}